blue_0, 5, 0, 4
blue_0, 10, 0, 2; blue_1, 5, 10, 4
blue_0, 10, 5, 2; blue_1, 10, 0, 2
blue_0, 15, 0, 3; blue_1, 10, 5, 3; blue_2, 5, 20, 3
blue_1, 15, 0, 2; green_0, 5, 5, 1; green_0, 5, 15, 1; green_1, 5, 25, 1
blue_2, 15, 0, 2; red_0, 5, 0, 2; green_1, 10, 10, 1; red_1, 5, 0, 2
blue_2, 15, 0, 2; blue_3, 10, 5, 2; blue_4, 5, 10, 2
blue_3, 15, 0, 2; green_2, 10, 0, 1; green_3, 5, 15, 1;
blue_3, 10, 0, 2; red_0, 2, 0, 2; red_1, 2, 4, 2; red_2, 2, 8, 2; red_3, 2, 12, 2; red_4, 2, 16, 2
blue_1, 20, 0, 0.5; blue_4, 10, 10, 1
blue_s_1, 1, 0, 0; blue_s_4, 1, 15, 0
green_1, 20, 0, 0.5; green_4, 10, 10, 1
green_s_1, 1, 0, 0; green_s_4, 1, 15, 0
red_1, 20, 0, 0.5; red_4, 10, 10, 1
red_s_1, 1, 0, 0; red_s_4, 1, 15, 0
blue_s_4, 1, 0, 0; green_s_4, 1, 15, 0; red_s_4, 1, 30, 0